50
0 46 0.1202 1.0795 3.8659 0.4697
1 9 0.1202 1.0795 2.7094 9.2917
2 10 0.1202 1.0795 5.4478 2.612
3 40 4.7174 8.056 0.1202 1.0795
4 32 1.7765 0.6872 0.1202 1.0795
5 13 0.1385 7.0293 4.9588 5.3725
6 47 2.0088 4.8256 0.4956 6.1343
7 41 9.5715 8.4055 0.5287 6.8886
8 1 4.7174 8.056 0.6074 1.2975
9 22 0.6431 0.7098 4.6842 4.2309
10 27 1.2127 4.7461 0.6841 3.0016
11 24 0.6858 3.6625 4.6842 4.2309
12 12 1.1985 7.609 9.0034 2.512
13 34 1.9086 8.6156 1.2127 4.7461
14 45 1.952 5.4134 1.3564 7.78
15 42 1.3564 7.78 7.1821 7.5531
16 25 1.7765 0.6872 3.245 7.7202
17 18 3.5287 8.9117 1.7765 0.6872
18 48 8.8739 0.9679 1.8047 3.7531
19 31 1.8047 3.7531 6.4586 0.3114
20 28 1.8912 2.6407 3.5021 8.6229
21 8 2.4272 6.1204 2.0088 4.8256
22 26 2.4897 5.1682 4.7017 7.383
23 37 3.4626 1.371 2.4897 5.1682
24 11 2.7774 1.9308 4.4524 6.2687
25 2 2.8539 7.6817 4.3188 7.0981
26 5 6.7121 4.0515 3.015 2.0852
27 21 7.2456 3.0969 3.134 5.9709
28 7 9.5133 3.3517 3.134 5.9709
29 30 8.6563 3.2838 3.5287 8.9117
30 35 5.6221 8.8463 4.1993 9.3914
31 19 8.6563 3.2838 4.2449 9.5154
32 49 4.4643 9.1448 4.4643 9.1448
33 16 7.7822 8.4833 4.4761 6.0068
34 44 4.4761 6.0068 9.1798 7.2766
35 15 6.1477 7.0664 4.6069 6.8573
36 38 6.1477 7.0664 7.7963 1.9969
37 39 6.4746 5.6728 6.6676 0.072
38 29 6.6676 0.072 9.1798 7.2766
39 23 7.0732 0.7957 8.4647 1.2035
40 36 8.6563 3.2838 7.0732 0.7957
41 4 7.0732 0.7957 9.5133 3.3517
42 43 7.0732 0.7957 9.2036 0.4043
43 0 8.6703 4.0475 7.1821 7.5531
44 33 7.2456 3.0969 8.6703 4.0475
45 20 8.6563 3.2838 7.4027 9.3301
46 17 7.7822 8.4833 7.7085 1.1177
47 6 7.7085 1.1177 8.0294 0.807
48 3 9.0034 2.512 7.7822 8.4833
49 14 8.0294 0.807 8.8739 0.9679
29
29
4 2 19 18 26 11 9 10 23 28 27 21 6 24 5 22 12 25 16 14 15 3 8 7 13 20 29 17 1 
y_max_data: 0 0.4697 1.0795
23
22
4 2 19 18 9 11 10 23 21 6 5 22 12 16 15 14 3 8 7 13 20 17 
y_max_data: 0 1.0795 9.2917
35
33
4 19 18 26 11 9 10 23 28 27 21 6 24 5 35 34 22 12 25 16 14 15 3 8 7 33 13 20 29 17 32 30 31 
y_max_data: 0 1.0795 2.612
35
32
4 19 18 26 11 9 10 23 28 27 21 6 24 5 35 34 22 12 25 16 15 14 8 7 33 13 20 17 29 32 30 31 
y_max_data: 0 1.0795 8.056
17
13
11 9 10 6 5 12 16 14 15 8 7 13 17 
y_max_data: 0 0.6872 1.0795
35
30
19 18 26 11 9 10 23 28 27 21 6 24 35 34 22 12 25 16 14 15 8 7 33 13 20 17 29 32 30 31 
y_max_data: 6 5.3725 7.0293
21
15
19 18 9 11 10 21 12 16 14 15 8 7 13 20 17 
y_max_data: 4 4.8256 6.1343
49
42
42 49 47 39 40 41 18 19 44 26 11 9 10 23 37 27 28 21 24 35 36 34 38 22 43 12 25 16 14 15 8 48 46 33 13 20 29 17 32 45 30 31 
y_max_data: 18 6.8886 8.4055
35
27
19 18 26 9 11 10 23 28 27 21 24 35 34 22 12 25 16 14 15 33 13 20 29 17 32 30 31 
y_max_data: 0 1.2975 8.056
35
26
19 18 26 11 10 23 28 27 21 24 35 34 22 12 25 16 15 14 33 13 20 29 17 32 30 31 
y_max_data: 0 0.7098 4.2309
13
3
11 12 13 
y_max_data: 0 3.0016 4.7461
35
24
19 18 26 23 28 27 21 24 35 34 22 12 25 16 14 15 33 13 20 17 29 32 30 31 
y_max_data: 0 3.6625 4.2309
49
37
42 49 47 39 40 41 18 19 44 26 23 37 27 28 21 24 36 35 38 34 22 43 25 16 15 14 46 33 48 13 20 29 17 32 45 30 31 
y_max_data: 3 2.512 7.609
20
7
19 18 16 14 15 20 17 
y_max_data: 1 4.7461 8.6156
20
6
19 18 16 15 20 17 
y_max_data: 1 5.4134 7.78
43
28
42 39 40 41 18 19 26 23 37 27 28 21 24 36 35 34 38 22 43 25 16 33 20 29 17 32 30 31 
y_max_data: 18 7.5531 7.78
28
12
19 18 26 23 28 27 21 24 22 25 20 17 
y_max_data: 0 0.6872 7.7202
29
12
18 19 26 23 28 27 21 24 22 25 20 29 
y_max_data: 0 0.6872 8.9117
49
31
42 49 47 39 40 41 19 44 26 23 37 28 27 21 24 36 35 38 34 22 43 25 48 33 46 20 29 32 45 30 31 
y_max_data: 1 0.9679 3.7531
36
17
26 23 28 27 21 24 36 35 34 22 25 33 20 29 32 30 31 
y_max_data: 0 0.3114 3.7531
28
8
26 23 28 27 21 24 22 25 
y_max_data: 0 2.6407 8.6229
21
0

y_max_data: 0 4.8256 6.1204
35
13
26 23 28 27 24 35 34 25 33 29 32 30 31 
y_max_data: 1 5.1682 7.383
28
5
26 28 27 24 25 
y_max_data: 0 1.371 5.1682
31
7
26 28 27 25 29 30 31 
y_max_data: 0 1.9308 6.2687
31
6
26 27 28 29 30 31 
y_max_data: 2 7.0981 7.6817
38
12
37 27 28 35 36 38 34 33 29 32 30 31 
y_max_data: 0 2.0852 4.0515
44
17
42 39 40 41 44 37 28 35 36 34 38 43 33 29 32 30 31 
y_max_data: 1 3.0969 5.9709
49
21
42 49 47 39 40 41 44 37 35 36 34 38 43 46 33 48 29 32 45 30 31 
y_max_data: 5 3.3517 5.9709
49
20
42 49 47 39 40 41 44 37 35 36 34 38 43 33 48 46 32 45 30 31 
y_max_data: 4 3.2838 8.9117
35
5
35 34 33 32 31 
y_max_data: 2 8.8463 9.3914
49
18
42 49 47 39 40 41 44 37 35 36 34 38 43 46 33 48 32 45 
y_max_data: 4 3.2838 9.5154
32
0

y_max_data: 0 9.1448 9.1448
48
15
42 47 39 40 41 44 37 36 35 34 38 43 48 46 45 
y_max_data: 6 6.0068 8.4833
49
15
42 49 47 39 40 41 44 37 35 36 38 43 46 48 45 
y_max_data: 7 6.0068 7.2766
36
1
36 
y_max_data: 0 6.8573 7.0664
48
12
42 47 39 40 41 44 37 38 43 48 46 45 
y_max_data: 2 1.9969 7.0664
38
1
38 
y_max_data: 0 0.072 5.6728
49
11
42 49 47 39 40 41 44 43 46 48 45 
y_max_data: 0 0.072 7.2766
49
10
42 49 47 40 41 44 43 46 48 45 
y_max_data: 0 0.7957 1.2035
49
9
42 49 47 41 44 43 46 48 45 
y_max_data: 0 0.7957 3.2838
49
8
42 49 47 44 43 46 48 45 
y_max_data: 0 0.7957 3.3517
49
7
49 47 44 43 46 48 45 
y_max_data: 0 0.4043 0.7957
49
6
49 47 44 46 48 45 
y_max_data: 2 4.0475 7.5531
49
5
49 47 46 48 45 
y_max_data: 1 3.0969 4.0475
49
4
49 47 46 48 
y_max_data: 1 3.2838 9.3301
48
2
47 48 
y_max_data: 0 1.1177 8.4833
49
2
49 48 
y_max_data: 0 0.807 1.1177
49
1
49 
y_max_data: 0 2.512 8.4833
49
0

y_max_data: 0 0.807 0.9679
