50
0 46 0.1202 1.0795 3.8659 0.4697
1 9 0.1202 1.0795 2.7094 9.2917
2 10 0.1202 1.0795 5.4478 2.612
3 40 4.7174 8.056 0.1202 1.0795
4 32 1.7765 0.6872 0.1202 1.0795
5 13 0.1385 7.0293 4.9588 5.3725
6 47 2.0088 4.8256 0.4956 6.1343
7 41 9.5715 8.4055 0.5287 6.8886
8 1 4.7174 8.056 0.6074 1.2975
9 22 0.6431 0.7098 4.6842 4.2309
10 27 1.2127 4.7461 0.6841 3.0016
11 24 0.6858 3.6625 4.6842 4.2309
12 12 1.1985 7.609 9.0034 2.512
13 34 1.9086 8.6156 1.2127 4.7461
14 45 1.952 5.4134 1.3564 7.78
15 42 1.3564 7.78 7.1821 7.5531
16 25 1.7765 0.6872 3.245 7.7202
17 18 3.5287 8.9117 1.7765 0.6872
18 48 8.8739 0.9679 1.8047 3.7531
19 31 1.8047 3.7531 6.4586 0.3114
20 28 1.8912 2.6407 3.5021 8.6229
21 8 2.4272 6.1204 2.0088 4.8256
22 26 2.4897 5.1682 4.7017 7.383
23 37 3.4626 1.371 2.4897 5.1682
24 11 2.7774 1.9308 4.4524 6.2687
25 2 2.8539 7.6817 4.3188 7.0981
26 5 6.7121 4.0515 3.015 2.0852
27 21 7.2456 3.0969 3.134 5.9709
28 7 9.5133 3.3517 3.134 5.9709
29 30 8.6563 3.2838 3.5287 8.9117
30 35 5.6221 8.8463 4.1993 9.3914
31 19 8.6563 3.2838 4.2449 9.5154
32 49 4.4643 9.1448 4.4643 9.1448
33 16 7.7822 8.4833 4.4761 6.0068
34 44 4.4761 6.0068 9.1798 7.2766
35 15 6.1477 7.0664 4.6069 6.8573
36 38 6.1477 7.0664 7.7963 1.9969
37 39 6.4746 5.6728 6.6676 0.072
38 29 6.6676 0.072 9.1798 7.2766
39 23 7.0732 0.7957 8.4647 1.2035
40 36 8.6563 3.2838 7.0732 0.7957
41 4 7.0732 0.7957 9.5133 3.3517
42 43 7.0732 0.7957 9.2036 0.4043
43 0 8.6703 4.0475 7.1821 7.5531
44 33 7.2456 3.0969 8.6703 4.0475
45 20 8.6563 3.2838 7.4027 9.3301
46 17 7.7822 8.4833 7.7085 1.1177
47 6 7.7085 1.1177 8.0294 0.807
48 3 9.0034 2.512 7.7822 8.4833
49 14 8.0294 0.807 8.8739 0.9679
30
23
35
35
17
35
21
49
35
36
13
36
49
20
20
43
28
29
49
37
28
22
35
29
31
31
38
44
49
49
36
49
32
48
49
36
48
38
49
49
49
49
49
49
49
49
48
49
49
49
