0.1202 3.8659
0.1202 2.7094
0.1202 5.4478
0.1202 4.7174
0.1202 1.7765
0.1385 4.9588
0.4956 2.0088
0.5287 9.5715
0.6074 4.7174
0.6431 4.6842
0.6841 1.2127
0.6858 4.6842
1.1985 9.0034
1.2127 1.9086
1.3564 1.952
1.3564 7.1821
1.7765 3.245
1.7765 3.5287
1.8047 8.8739
1.8047 6.4586
1.8912 3.5021
2.0088 2.4272
2.4897 4.7017
2.4897 3.4626
2.7774 4.4524
2.8539 4.3188
3.015 6.7121
3.134 7.2456
3.134 9.5133
3.5287 8.6563
4.1993 5.6221
4.2449 8.6563
4.4643 4.4643
4.4761 7.7822
4.4761 9.1798
4.6069 6.1477
6.1477 7.7963
6.4746 6.6676
6.6676 9.1798
7.0732 8.4647
7.0732 8.6563
7.0732 9.5133
7.0732 9.2036
7.1821 8.6703
7.2456 8.6703
7.4027 8.6563
7.7085 7.7822
7.7085 8.0294
7.7822 9.0034
8.0294 8.8739
