50
0 46 0.1202 1.0795 3.8659 0.4697
1 9 0.1202 1.0795 2.7094 9.2917
2 10 0.1202 1.0795 5.4478 2.612
3 40 4.7174 8.056 0.1202 1.0795
4 32 1.7765 0.6872 0.1202 1.0795
5 13 0.1385 7.0293 4.9588 5.3725
6 47 2.0088 4.8256 0.4956 6.1343
7 41 9.5715 8.4055 0.5287 6.8886
8 1 4.7174 8.056 0.6074 1.2975
9 22 0.6431 0.7098 4.6842 4.2309
10 27 1.2127 4.7461 0.6841 3.0016
11 24 0.6858 3.6625 4.6842 4.2309
12 12 1.1985 7.609 9.0034 2.512
13 34 1.9086 8.6156 1.2127 4.7461
14 45 1.952 5.4134 1.3564 7.78
15 42 1.3564 7.78 7.1821 7.5531
16 25 1.7765 0.6872 3.245 7.7202
17 18 3.5287 8.9117 1.7765 0.6872
18 48 8.8739 0.9679 1.8047 3.7531
19 31 1.8047 3.7531 6.4586 0.3114
20 28 1.8912 2.6407 3.5021 8.6229
21 8 2.4272 6.1204 2.0088 4.8256
22 26 2.4897 5.1682 4.7017 7.383
23 37 3.4626 1.371 2.4897 5.1682
24 11 2.7774 1.9308 4.4524 6.2687
25 2 2.8539 7.6817 4.3188 7.0981
26 5 6.7121 4.0515 3.015 2.0852
27 21 7.2456 3.0969 3.134 5.9709
28 7 9.5133 3.3517 3.134 5.9709
29 30 8.6563 3.2838 3.5287 8.9117
30 35 5.6221 8.8463 4.1993 9.3914
31 19 8.6563 3.2838 4.2449 9.5154
32 49 4.4643 9.1448 4.4643 9.1448
33 16 7.7822 8.4833 4.4761 6.0068
34 44 4.4761 6.0068 9.1798 7.2766
35 15 6.1477 7.0664 4.6069 6.8573
36 38 6.1477 7.0664 7.7963 1.9969
37 39 6.4746 5.6728 6.6676 0.072
38 29 6.6676 0.072 9.1798 7.2766
39 23 7.0732 0.7957 8.4647 1.2035
40 36 8.6563 3.2838 7.0732 0.7957
41 4 7.0732 0.7957 9.5133 3.3517
42 43 7.0732 0.7957 9.2036 0.4043
43 0 8.6703 4.0475 7.1821 7.5531
44 33 7.2456 3.0969 8.6703 4.0475
45 20 8.6563 3.2838 7.4027 9.3301
46 17 7.7822 8.4833 7.7085 1.1177
47 6 7.7085 1.1177 8.0294 0.807
48 3 9.0034 2.512 7.7822 8.4833
49 14 8.0294 0.807 8.8739 0.9679
0.1202 1.0795
0.1202 1.0795
6.91599 -0.0268549
14.5554 -1.27054
0.888785 0.954374
-8.08619 2.4155
0.918282 0.949572
0.102556 1.08237
3.68602 0.498984
24.8552 -2.94737
13.1714 -1.04524
0.764401 0.974624
7.78265 -0.167947
2.31097 0.722843
33.0426 -4.28027
-1.35412 1.31952
14.8753 -1.32262
32.7672 -4.23543
1.80127 0.805822
3.16756 0.583389
-54.3695 9.95042
0.1202 1.0795
0.442883 1.02697
-17.2467 3.90683
0.540971 1.011
1.41407 0.868857
12.5011 -0.936106
1.80176 0.805743
0.1202 1.0795
0.1202 1.0795
0.1202 1.0795
1.12227 4.25778
1.05614 4.04803
-0.238571 -0.0584198
0.94626 3.69953
-0.355251 -0.428494
2.00534 7.05863
-27.1087 -85.2827
1.45288 5.30639
1.81447 6.45325
0.910913 3.58741
2.01148 7.07809
5.26677 17.4029
2.22215 7.74628
1.74542 6.23424
0.1202 1.0795
-0.261618 -0.131516
2.0312 7.14064
1.12834 4.27704
9.37631 30.4372
-6.48278 2.64344
0.864951 0.903103
0.102925 1.08359
8.68619 -0.949383
55.8576 -12.1221
17.5006 -3.0371
1.7765 0.6872
3.22796 0.343418
-33.9802 9.15629
0.430181 1.00608
-14.0681 4.44004
0.535596 0.981112
1.7765 0.6872
-5.02549 8.80423
-51.9667 24.9385
7.53256 4.48786
7.22806 4.59253
5.70144 5.11724
1.73795 6.47955
2.19386 6.32285
2.70317 6.14779
3.05292 6.02758
2.46275 6.23042
-0.986259 7.41589
4.20623 5.63117
1.76212 6.47124
3.71284 5.80075
3.27258 5.95207
4.25029 5.61602
31.856 -3.87243
2.90238 6.07932
1.67854 6.49997
-2.48035 7.92943
3.40936 5.90506
0.541571 6.89076
4.04748 5.68573
-13.3859 4.55447
330.231 62.195
1.56807 7.06295
64.4528 17.6117
12.1951 8.8456
15.2468 9.35751
-4.15813 6.1024
-1.88717 6.48335
17.0927 9.66715
17.3529 9.71081
-126.414 -14.4055
9.45238 8.38552
1.93329 7.12422
1.98626 7.1331
6.39877 7.87329
1.57099 7.06344
0.791491 6.93268
2.79847 7.26935
4.98009 7.63531
-17.723 3.82694
5.91186 7.79161
19.5818 10.0847
9.57356 8.40585
2.00888 3.6021
2.04349 3.65902
0.164473 0.569149
-0.193041 -0.0187481
2.17429 3.8741
-0.268885 -0.143466
2.62948 4.62262
3.38639 5.86728
3.35532 5.8162
1.16506 2.21451
5.88201 9.97109
3.93281 6.76582
3.27387 5.68225
3.69541 6.37544
3.52259 6.09125
4.17075 7.15708
2.58187 4.54433
2.29107 4.06613
4.47568 7.65851
2.63053 4.62434
0.586237 1.2627
2.26231 4.01884
4.55366 7.78674
2.60708 4.58578
5.27814 8.97808
4.97646 8.48199
3.06563 2.8206
3.40997 3.12064
0.97864 1.00216
4.6842 4.2309
-0.244745 -0.0637989
3.08652 2.83881
5.54505 4.98098
5.10221 4.59512
0.692827 0.753128
3.14905 2.89329
8.26881 7.35425
7.73074 6.88541
-19.4384 -16.7876
5.40696 4.86066
6.8277 6.09858
2.03433 1.92201
8.44076 7.50408
2.68745 2.49109
20.4858 17.9992
0.457759 0.548309
1.59446 1.53874
6.41744 5.74111
2.04077 1.92762
8.64989 7.6863
6.72626 6.01019
0.893297 3.692
1.93454 7.12833
1.2127 4.7461
1.72705 3.81052
1.67701 3.80341
7.91223 4.68979
2.79853 3.96284
6.68068 4.51471
5.46457 4.34184
1.67856 3.80363
3.60638 4.07768
413.622 62.3643
-9.65122 2.19302
1.03556 3.71222
6.0697 4.42786
9.71916 4.94665
2.45012 3.91331
2.33369 3.89676
23.5655 6.915
1.50124 3.77842
1.02653 3.71094
2.22528 3.88135
2.46424 3.91532
7.43687 4.62221
14.1549 5.57723
7.68396 4.65734
13.4159 -0.36959
10.8046 1.33574
0.601272 7.99902
10.2196 1.71779
8.41127 2.89869
8.8237 2.62935
15.1607 -1.50906
-38.2052 33.3417
7.67205 3.38144
6.67567 4.03213
1.99812 7.0868
6.52781 4.12869
-5.00847 11.6625
4.67693 5.33741
2.6103 6.68702
4.21043 5.64205
7.25815 3.65174
2.73794 6.60367
7.79385 3.3019
3.89296 5.84938
3.4554 6.13513
9.44442 2.22399
-1.67665 9.48662
2.979 6.44624
0.910031 7.79739
1.43895 7.45197
7.73077 3.34309
4.09222 5.71925
9.0034 2.512
1.67196 7.2998
2.92539 6.48125
9.88263 1.93782
3.00046 6.43223
1.12457 4.25607
1.0851 4.03661
-7.55183 -43.9884
1.59081 6.84857
1.75553 7.76445
2.49908 3.23958
2.43205 3.50593
2.39543 3.65143
1.3564 7.78
-39.6318 9.37641
27.4388 6.76414
11.2714 7.39383
13.2968 7.31494
-9.48814 8.20237
-3.91831 7.98544
12.8787 7.33123
1.8252 7.76174
6.40877 7.58322
2.33481 3.36107
2.37015 3.53032
1.95015 1.51886
2.61226 4.68985
2.89982 6.06705
2.91213 6.12599
3.7944 10.3514
1.16338 -2.24917
2.77094 5.44979
3.20754 7.54081
3.1966 7.48841
1.7765 0.6872
2.38128 3.52593
2.34461 3.35382
1.95413 1.52098
2.62154 4.65364
2.92082 6.05843
2.93222 6.11194
3.91481 10.724
1.13557 -2.32119
2.79664 5.47552
3.23436 7.53013
3.33485 8.0018
3.5287 8.9117
11.2662 0.0253568
8.8739 0.9679
7.16976 1.63932
8.35644 1.17177
7.52173 1.50064
7.68483 1.43638
1.8047 3.7531
5.84394 2.16168
4.30146 2.7694
2.96989 3.29403
6.60594 1.86146
168.415 -61.8897
12.1224 -0.311987
1.67832 3.80289
3.2597 3.17985
8.02175 1.30364
-3.33768 5.77915
7.20876 1.62395
-0.503514 4.66252
1.28205 3.95902
10.1993 0.445687
990.085 -385.62
9.35821 0.777086
1.58368 3.84018
7.71158 1.42584
2.15372 3.61559
11.826 -0.195219
9.15982 0.85525
3.62288 2.4085
3.09716 2.79728
-6.59646 9.96601
-75.8365 61.1711
1.68971 3.83814
3.10869 2.78876
8.94156 -1.52483
-1.3075 6.05466
0.286569 4.8758
1.38579 4.06289
-10.9366 13.1757
1.63499 3.87861
2.12664 3.51502
21.4975 -10.8103
-16.5889 17.3557
15.4871 -6.36542
1.52876 1.29474
2.52973 5.01195
2.82241 6.09883
2.84278 6.17446
4.83333 13.5665
-0.782774 -7.28931
2.60212 5.28076
3.21041 7.53967
2.79102 1.96608
4.17273 5.54442
4.08164 5.3085
4.71215 6.94139
4.89423 7.41294
5.47017 8.90451
5.19035 8.17984
8.96221 5.24822
-2.1859 9.6895
-128.067 59.8392
6.53374 3.95664
6.23951 3.80015
7.18992 4.30563
14.5161 8.20207
7.0668 4.24015
8.36102 4.92848
16.483 9.24816
-10 -4.83684
7.55056 4.49743
11.4961 6.59587
7.72971 4.59271
11.6972 -0.053833
10.4864 1.27513
32.4958 -22.8817
10.1119 1.68622
8.6563 3.2838
9.04314 2.85921
8.22885 3.75295
6.4744 5.67859
5.31315 6.95314
6.66818 5.4659
5.83992 6.37497
8.028 3.97341
9.28958 2.58874
5.48608 6.76334
8.90034 3.01595
9.19021 7.47929
9.49627 7.36203
10.9176 0.089393
10.1268 1.2066
15.5955 -6.51862
9.84301 1.60744
8.6563 3.2838
8.9936 2.80732
8.2936 3.79615
6.4495 6.40115
5.99339 7.04546
6.29142 6.62446
6.36726 6.51733
8.07424 4.10603
9.50115 2.09036
-0.598945 2.20524
3.45155 5.23934
-8.62073 -3.80364
15.7731 14.4691
31.0539 25.9154
-53.6579 -37.5397
6.41309 7.45774
6.09735 7.22123
-5.95849 3.1899
-69.5103 -13.9664
3.0551 5.62319
262.932 75.7788
11.6151 7.93403
14.6769 8.76059
16.4523 9.23987
8.2577 0.578082
8.25396 0.589577
8.09002 1.09369
7.81023 1.95406
7.90394 1.6659
7.40417 3.2027
6.45963 6.1072
7.57553 2.67579
2.08434 19.5614
6.92918 0.82216
6.84522 0.581381
7.20292 1.60721
6.90251 0.745676
6.73413 0.262794
6.83176 0.542796
7.86692 3.51146
8.33184 4.84478
7.72848 3.11444
8.45442 5.19633
8.33235 4.84625
7.0732 0.7957
6.94947 0.601245
7.44216 1.37558
7.0732 0.7957
9.49037 4.59467
8.85916 3.60263
7.71538 1.80499
8.79952 3.5089
7.0732 0.7957
6.8738 0.586827
7.5381 1.28268
12.8222 6.81776
9.13424 2.95464
7.71197 1.46481
8.95193 2.76367
7.5298 0.711813
9.89506 1.16246
11.4533 -2.50803
8.6703 4.0475
2.12869 -0.317243
6.30945 2.47228
7.73155 3.42114
9.12649 1.01602
9.45625 -0.574501
7.7085 1.1177
