 -2.56 0.972756
 -2.56 0.939787
 -2.5575 0.97049
 -2.5575 0.948736
 -2.555 0.968224
 -2.555 0.957684
 -2.5525 0.965958
 -2.5525 0.966632
 -2.55 0.963692
 -2.55 0.97558
 -2.5475 0.961426
 -2.5475 0.984528
 -2.545 0.95916
 -2.545 0.993477
 -2.5425 0.956894
 -2.5425 1.00242
 -2.54 0.954628
 -2.54 1.01137
 -2.5375 0.952362
 -2.5375 1.02032
 -2.535 0.950096
 -2.535 1.02927
 -2.5325 0.94783
 -2.5325 1.03822
 -2.53 0.945564
 -2.53 1.04717
 -2.5275 0.943298
 -2.5275 1.05611
 -2.525 0.941032
 -2.525 1.06506
 -2.5225 0.938766
 -2.5225 1.07401
 -2.52 0.9365
 -2.52 1.08296
 -2.5175 0.934234
 -2.5175 1.09191
 -2.515 0.931968
 -2.515 1.10086
 -2.5125 0.929701
 -2.5125 1.1098
 -2.51 0.927435
 -2.51 1.11875
 -2.5075 0.925169
 -2.5075 1.1277
 -2.505 0.922903
 -2.505 1.13665
 -2.5025 0.920637
 -2.5025 1.1456
 -2.5 0.918371
 -2.5 1.15454
 -2.4975 0.916105
 -2.4975 1.16349
 -2.495 0.913839
 -2.495 1.17244
 -2.4925 0.911573
 -2.4925 1.18139
 -2.49 0.909307
 -2.49 1.19034
 -2.4875 0.907041
 -2.4875 1.19929
 -2.485 0.904775
 -2.485 1.20823
 -2.4825 0.902509
 -2.4825 1.21718
 -2.48 0.900243
 -2.48 1.22613
 -2.4775 0.897977
 -2.4775 1.23508
 -2.475 0.895711
 -2.475 1.24403
 -2.4725 0.893445
 -2.4725 1.25298
 -2.47 0.891179
 -2.47 1.26192
 -2.4675 0.888913
 -2.4675 1.27087
 -2.465 0.886647
 -2.465 1.27982
 -2.4625 0.884381
 -2.4625 1.28877
 -2.46 0.882115
 -2.46 1.29772
 -2.4575 0.879849
 -2.4575 1.30666
 -2.455 0.877583
 -2.455 1.31561
 -2.4525 0.875317
 -2.4525 1.32456
 -2.45 0.873051
 -2.45 1.33351
 -2.4475 0.870785
 -2.4475 1.34246
 -2.445 0.868519
 -2.445 1.35141
 -2.4425 0.866253
 -2.4425 1.36035
 -2.44 0.863987
 -2.44 1.3693
 -2.4375 0.861721
 -2.4375 1.37825
 -2.435 0.859455
 -2.435 1.3872
 -2.4325 0.857189
 -2.4325 1.39615
 -2.43 0.854923
 -2.43 1.40509
 -2.4275 0.852657
 -2.4275 1.41404
 -2.425 0.850391
 -2.425 1.42299
 -2.4225 0.848124
 -2.4225 1.43194
 -2.42 0.845858
 -2.42 1.44089
 -2.4175 0.843592
 -2.4175 1.44984
 -2.415 0.841326
 -2.415 1.45878
 -2.4125 0.83906
 -2.4125 1.46773
 -2.41 0.836794
 -2.41 1.47668
 -2.4075 0.834528
 -2.4075 1.48563
 -2.405 0.832262
 -2.405 1.49458
 -2.4025 0.829996
 -2.4025 1.50353
 -2.4 0.82773
 -2.4 1.51247
 -2.3975 0.825464
 -2.3975 1.52142
 -2.395 0.823198
 -2.395 1.53037
 -2.3925 0.820932
 -2.3925 1.53932
 -2.39 0.818666
 -2.39 1.54827
 -2.3875 0.8164
 -2.3875 1.55721
 -2.385 0.814134
 -2.385 1.56616
 -2.3825 0.811868
 -2.3825 1.57511
 -2.38 0.809602
 -2.38 1.58406
 -2.3775 0.807336
 -2.3775 1.59301
 -2.375 0.80507
 -2.375 1.60196
 -2.3725 0.802804
 -2.3725 1.6109
 -2.37 0.800538
 -2.37 1.61985
 -2.3675 0.798272
 -2.3675 1.6288
 -2.365 0.796006
 -2.365 1.63775
 -2.3625 0.79374
 -2.3625 1.6467
 -2.36 0.791474
 -2.36 1.65565
 -2.3575 0.789208
 -2.3575 1.66459
 -2.355 0.786942
 -2.355 1.67354
 -2.3525 0.784676
 -2.3525 1.68249
 -2.35 0.78241
 -2.35 1.69144
 -2.3475 0.780144
 -2.3475 1.70039
 -2.345 0.777878
 -2.345 1.70933
 -2.3425 0.775612
 -2.3425 1.71828
 -2.34 0.773346
 -2.34 1.72723
 -2.3375 0.77108
 -2.3375 1.73618
 -2.335 0.768814
 -2.335 1.74513
 -2.3325 0.766547
 -2.3325 1.75408
 -2.33 0.764281
 -2.33 1.76302
 -2.3275 0.762015
 -2.3275 1.77197
 -2.325 0.759749
 -2.325 1.78092
 -2.3225 0.757483
 -2.3225 1.78987
 -2.32 0.755217
 -2.32 1.79882
 -2.3175 0.752951
 -2.3175 1.80776
 -2.315 0.750685
 -2.315 1.81671
 -2.3125 0.748419
 -2.3125 1.82566
 -2.31 0.746153
 -2.31 1.83461
 -2.3075 0.743887
 -2.3075 1.84356
 -2.305 0.741621
 -2.305 1.85251
 -2.3025 0.739355
 -2.3025 1.86145
 -2.3 0.737089
 -2.3 1.8704
 -2.2975 0.734823
 -2.2975 1.87935
 -2.295 0.732557
 -2.295 1.8883
 -2.2925 0.730291
 -2.2925 1.89725
 -2.29 0.728025
 -2.29 1.9062
 -2.2875 0.725759
 -2.2875 1.91514
 -2.285 0.723493
 -2.285 1.92409
 -2.2825 0.721227
 -2.2825 1.93304
 -2.28 0.718961
 -2.28 1.94199
 -2.2775 0.716695
 -2.2775 1.95094
 -2.275 0.714429
 -2.275 1.95988
 -2.2725 0.712163
 -2.2725 1.96883
 -2.27 0.709897
 -2.27 1.97778
 -2.2675 0.707631
 -2.2675 1.98673
 -2.265 0.705365
 -2.265 1.99568
 -2.2625 0.703099
 -2.2625 2.00463
 -2.26 0.700833
 -2.26 2.01357
 -2.2575 0.698567
 -2.2575 2.02252
 -2.255 0.696301
 -2.255 2.03147
 -2.2525 0.694035
 -2.2525 2.04042
 -2.25 0.691769
 -2.25 2.04937
 -2.2475 0.689503
 -2.2475 2.05831
 -2.245 0.687237
 -2.245 2.06726
 -2.2425 0.68497
 -2.2425 2.07621
 -2.24 0.682704
 -2.2375 0.680438
 -2.235 0.678172
 -2.2325 0.675906
 -2.23 0.67364
 -2.2275 0.671374
 -2.225 0.669108
 -2.2225 0.666842
 -2.22 0.664576
 -2.2175 0.66231
 -2.215 0.660044
 -2.2125 0.657778
 -2.21 0.655512
 -2.2075 0.653246
 -2.205 0.65098
 -2.2025 0.648714
 -2.2 0.646448
 -2.1975 0.644182
 -2.195 0.641916
 -2.1925 0.63965
 -2.19 0.637384
 -2.1875 0.635118
 -2.185 0.632852
 -2.1825 0.630586
 -2.18 0.62832
 -2.1775 0.626054
 -2.175 0.623788
 -2.1725 0.621522
 -2.17 0.619256
 -2.1675 0.61699
 -2.165 0.614724
 -2.1625 0.612458
 -2.16 0.610192
 -2.1575 0.607926
 -2.155 0.60566
 -2.1525 0.603393
 -2.15 0.601127
 -2.1475 0.598861
 -2.145 0.596595
 -2.1425 0.594329
 -2.14 0.592063
 -2.1375 0.589797
 -2.135 0.587531
 -2.1325 0.585265
 -2.13 0.582999
 -2.1275 0.580733
 -2.125 0.578467
 -2.1225 0.576201
 -2.12 0.573935
 -2.1175 0.571669
 -2.115 0.569403
 -2.1125 0.567137
 -2.11 0.564871
 -2.1075 0.562605
 -2.105 0.560339
 -2.1025 0.558073
 -2.1 0.555807
 -2.0975 0.553541
 -2.095 0.551275
 -2.0925 0.549009
 -2.09 0.546743
 -2.0875 0.544477
 -2.085 0.542211
 -2.0825 0.539945
 -2.08 0.537679
 -2.0775 0.535413
 -2.075 0.533147
 -2.0725 0.530881
 -2.07 0.528615
 -2.0675 0.526349
 -2.065 0.524083
 -2.0625 0.521816
 -2.06 0.51955
 -2.0575 0.517284
 -2.055 0.515018
 -2.0525 0.512752
 -2.05 0.510486
 -2.0475 0.50822
 -2.045 0.505954
 -2.0425 0.503688
 -2.04 0.501422
 -2.0375 0.499156
 -2.035 0.49689
 -2.0325 0.494624
 -2.03 0.492358
 -2.0275 0.490092
 -2.025 0.487826
 -2.0225 0.48556
 -2.02 0.483294
 -2.0175 0.481028
 -2.015 0.478762
 -2.0125 0.476496
 -2.01 0.47423
 -2.0075 0.471964
 -2.005 0.469698
 -2.0025 0.467432
 -2 0.465166
 -1.9975 0.4629
 -1.995 0.460634
 -1.9925 0.458368
 -1.99 0.456102
 -1.9875 0.453836
 -1.985 0.45157
 -1.9825 0.449304
 -1.98 0.447038
 -1.9775 0.444772
 -1.975 0.442506
 -1.9725 0.440239
 -1.97 0.437973
 -1.9675 0.435707
 -1.965 0.433441
 -1.9625 0.431175
 -1.96 0.428909
 -1.9575 0.426643
 -1.955 0.424377
 -1.9525 0.422111
 -1.95 0.419845
 -1.9475 0.417579
 -1.945 0.415313
 -1.9425 0.413047
 -1.94 0.410781
 -1.9375 0.408515
 -1.935 0.406249
 -1.9325 0.403983
 -1.93 0.401717
 -1.9275 0.399451
 -1.925 0.397185
 -1.9225 0.394919
 -1.92 0.392653
 -1.9175 0.390387
 -1.915 0.388121
 -1.9125 0.385855
 -1.91 0.383589
 -1.9075 0.381323
 -1.905 0.379057
 -1.9025 0.376791
 -1.9 0.374525
 -1.8975 0.372259
 -1.895 0.369993
 -1.8925 0.367727
 -1.89 0.365461
 -1.8875 0.363195
 -1.885 0.360929
 -1.8825 0.358663
 -1.88 0.356396
 -1.8775 0.35413
 -1.875 0.351864
 -1.8725 0.349598
 -1.87 0.347332
 -1.8675 0.345066
 -1.865 0.3428
 -1.8625 0.340534
 -1.86 0.338268
 -1.8575 0.336002
 -1.855 0.333736
 -1.8525 0.33147
 -1.85 0.329204
 -1.8475 0.326938
 -1.845 0.324672
 -1.8425 0.322406
 -1.84 0.32014
 -1.8375 0.317874
 -1.835 0.315608
 -1.8325 0.313342
 -1.83 0.311076
 -1.8275 0.30881
 -1.825 0.306544
 -1.8225 0.304278
 -1.82 0.302012
 -1.8175 0.299746
 -1.815 0.29748
 -1.8125 0.295214
 -1.81 0.292948
 -1.8075 0.290682
 -1.805 0.288416
 -1.8025 0.28615
 -1.8 0.283884
 -1.7975 0.281618
 -1.795 0.279352
 -1.7925 0.277086
 -1.79 0.274819
 -1.7875 0.272553
 -1.785 0.270287
 -1.7825 0.268021
 -1.78 0.265755
 -1.7775 0.263489
 -1.775 0.261223
 -1.7725 0.258957
 -1.77 0.256691
 -1.7675 0.254425
 -1.765 0.252159
 -1.7625 0.249893
 -1.76 0.247627
 -1.7575 0.245361
 -1.755 0.243095
 -1.7525 0.240829
 -1.75 0.238563
 -1.7475 0.236297
 -1.745 0.234031
 -1.7425 0.231765
 -1.74 0.229499
 -1.7375 0.227233
 -1.735 0.224967
 -1.7325 0.222701
 -1.73 0.220435
 -1.7275 0.218169
 -1.725 0.215903
 -1.7225 0.213637
 -1.72 0.211371
 -1.7175 0.209105
 -1.715 0.206839
 -1.7125 0.204573
 -1.71 0.202307
 -1.7075 0.200041
 -1.705 0.197775
 -1.7025 0.195509
 -1.7 0.193242
 -1.6975 0.190976
 -1.695 0.18871
 -1.6925 0.186444
 -1.6925 -1.89958
 -1.69 0.184178
 -1.69 -1.89503
 -1.6875 0.181912
 -1.6875 -1.89049
 -1.685 0.179646
 -1.685 -1.88595
 -1.6825 0.17738
 -1.6825 -1.8814
 -1.68 0.175114
 -1.68 -1.87686
 -1.6775 0.172848
 -1.6775 -1.87231
 -1.675 0.170582
 -1.675 -1.86777
 -1.6725 0.168316
 -1.6725 -1.86322
 -1.67 0.16605
 -1.67 -1.85868
 -1.6675 0.163784
 -1.6675 -1.85413
 -1.665 0.161518
 -1.665 -1.84959
 -1.6625 0.159252
 -1.6625 -1.84505
 -1.66 0.156986
 -1.66 -1.8405
 -1.6575 0.15472
 -1.6575 -1.83596
 -1.655 0.152454
 -1.655 -1.83141
 -1.6525 0.150188
 -1.6525 -1.82687
 -1.65 0.147922
 -1.65 -1.82232
 -1.6475 0.145656
 -1.6475 -1.81778
 -1.645 0.14339
 -1.645 -1.81324
 -1.6425 0.141124
 -1.6425 -1.80869
 -1.64 0.138858
 -1.64 -1.80415
 -1.6375 0.136592
 -1.6375 -1.7996
 -1.635 0.134326
 -1.635 -1.79506
 -1.6325 0.13206
 -1.6325 -1.79051
 -1.63 0.129794
 -1.63 -1.78597
 -1.6275 0.127528
 -1.6275 -1.78142
 -1.625 0.125262
 -1.625 -1.77688
 -1.6225 0.122996
 -1.6225 -1.77234
 -1.62 0.12073
 -1.62 -1.76779
 -1.6175 0.118464
 -1.6175 -1.76325
 -1.615 0.116198
 -1.615 -1.7587
 -1.6125 0.113932
 -1.6125 -1.75416
 -1.61 0.111665
 -1.61 -1.74961
 -1.6075 0.109399
 -1.6075 -1.74507
 -1.605 0.107133
 -1.605 -1.74053
 -1.6025 0.104867
 -1.6025 -1.73598
 -1.6 0.102601
 -1.6 -1.73144
 -1.5975 0.100335
 -1.5975 -1.72689
 -1.595 0.0980693
 -1.595 -1.72235
 -1.5925 0.0958033
 -1.5925 -1.7178
 -1.59 0.0935373
 -1.59 -1.71326
 -1.5875 0.0912712
 -1.5875 -1.70871
 -1.585 0.0890052
 -1.585 -1.70417
 -1.5825 0.0867392
 -1.5825 -1.69963
 -1.58 0.0844731
 -1.58 -1.69508
 -1.5775 0.0822071
 -1.5775 -1.69054
 -1.575 0.0799411
 -1.575 -1.68599
 -1.5725 0.0776751
 -1.5725 -1.68145
 -1.57 0.075409
 -1.57 -1.6769
 -1.5675 0.073143
 -1.5675 -1.67236
 -1.565 0.070877
 -1.565 -1.66782
 -1.5625 0.0686109
 -1.5625 -1.66327
 -1.56 0.0663449
 -1.56 -1.65873
 -1.5575 0.0640789
 -1.5575 -1.65418
 -1.555 0.0618129
 -1.555 -1.64964
 -1.5525 0.0595468
 -1.5525 -1.64509
 -1.55 0.0572808
 -1.55 -1.64055
 -1.5475 0.0550148
 -1.5475 -1.636
 -1.545 0.0527488
 -1.545 -1.63146
 -1.5425 0.0504827
 -1.5425 -1.62692
 -1.54 0.0482167
 -1.54 -1.62237
 -1.5375 0.0459507
 -1.5375 -1.61783
 -1.535 0.0436846
 -1.535 -1.61328
 -1.5325 0.0414186
 -1.5325 -1.60874
 -1.53 0.0391526
 -1.53 -1.60419
 -1.5275 0.0368866
 -1.5275 -1.59965
 -1.525 0.0346205
 -1.525 -1.59511
 -1.5225 0.0323545
 -1.5225 -1.59056
 -1.52 0.0300885
 -1.52 -1.58602
 -1.5175 0.0278224
 -1.5175 -1.58147
 -1.515 0.0255564
 -1.515 -1.57693
 -1.5125 0.0232904
 -1.5125 -1.57238
 -1.51 0.0210244
 -1.51 -1.56784
 -1.5075 0.0187583
 -1.5075 -1.56329
 -1.505 0.0164923
 -1.505 -1.55875
 -1.5025 0.0142263
 -1.5025 -1.55421
 -1.5 0.0119603
 -1.5 -1.54966
 -1.4975 0.00969423
 -1.4975 -1.54512
 -1.495 0.0074282
 -1.495 -1.54057
 -1.4925 0.00516217
 -1.4925 -1.53603
 -1.49 0.00289614
 -1.49 -1.53148
 -1.4875 0.000630117
 -1.4875 -1.52694
 -1.485 -0.00163591
 -1.485 -1.5224
 -1.4825 -0.00390194
 -1.4825 -1.51785
 -1.48 -0.00616797
 -1.48 -1.51331
 -1.4775 -0.00843399
 -1.4775 -1.50876
 -1.475 -0.0107
 -1.475 -1.50422
 -1.4725 -0.012966
 -1.4725 -1.49967
 -1.47 -0.0152321
 -1.47 -1.49513
 -1.4675 -0.0174981
 -1.4675 -1.49058
 -1.465 -0.0197641
 -1.465 -1.48604
 -1.4625 -0.0220302
 -1.4625 -0.580545
 -1.4625 -1.4815
 -1.46 -0.0242962
 -1.46 -0.578394
 -1.46 -1.47695
 -1.4575 -0.0265622
 -1.4575 -0.576243
 -1.4575 -1.47241
 -1.455 -0.0288282
 -1.455 -0.574092
 -1.455 -1.46786
 -1.4525 -0.0310943
 -1.4525 -0.571941
 -1.4525 -1.46332
 -1.45 -0.0333603
 -1.45 -0.569789
 -1.45 -1.45877
 -1.4475 -0.0356263
 -1.4475 -0.567638
 -1.4475 -1.45423
 -1.445 -0.0378924
 -1.445 -0.565487
 -1.445 -1.44969
 -1.4425 -0.0401584
 -1.4425 -0.563336
 -1.4425 -1.44514
 -1.44 -0.0424244
 -1.44 -0.561185
 -1.44 -1.4406
 -1.4375 -0.0446904
 -1.4375 -0.559034
 -1.4375 -1.43605
 -1.435 -0.0469565
 -1.435 -0.556883
 -1.435 -1.43151
 -1.4325 -0.0492225
 -1.4325 -0.554732
 -1.4325 -1.42696
 -1.43 -0.0514885
 -1.43 -0.552581
 -1.43 -1.42242
 -1.4275 -0.0537545
 -1.4275 -0.55043
 -1.4275 -1.41787
 -1.425 -0.0560206
 -1.425 -0.548279
 -1.425 -1.41333
 -1.4225 -0.0582866
 -1.4225 -0.546127
 -1.4225 -1.40879
 -1.42 -0.0605526
 -1.42 -0.543976
 -1.42 -1.40424
 -1.4175 -0.0628187
 -1.4175 -0.541825
 -1.4175 -1.3997
 -1.415 -0.0650847
 -1.415 -0.539674
 -1.415 -1.39515
 -1.4125 -0.0673507
 -1.4125 -0.537523
 -1.4125 -1.39061
 -1.41 -0.0696167
 -1.41 -0.535372
 -1.41 -1.38606
 -1.4075 -0.0718828
 -1.4075 -0.533221
 -1.4075 -1.38152
 -1.405 -0.0741488
 -1.405 -0.53107
 -1.405 -1.37698
 -1.4025 -0.0764148
 -1.4025 -0.528919
 -1.4025 -1.37243
 -1.4 -0.0786809
 -1.4 -0.526768
 -1.4 -1.36789
 -1.3975 -0.0809469
 -1.3975 -0.524616
 -1.3975 -1.36334
 -1.395 -0.0832129
 -1.395 -0.522465
 -1.395 -1.3588
 -1.3925 -0.0854789
 -1.3925 -0.520314
 -1.3925 -1.35425
 -1.39 -0.087745
 -1.39 -0.518163
 -1.39 -1.34971
 -1.3875 -0.090011
 -1.3875 -0.516012
 -1.3875 -1.34516
 -1.385 -0.092277
 -1.385 -0.513861
 -1.385 -1.34062
 -1.3825 -0.094543
 -1.3825 -0.51171
 -1.3825 -1.33608
 -1.38 -0.0968091
 -1.38 -0.509559
 -1.38 -1.33153
 -1.3775 -0.0990751
 -1.3775 -0.507408
 -1.3775 -1.32699
 -1.375 -0.101341
 -1.375 -0.505257
 -1.375 -1.32244
 -1.3725 -0.103607
 -1.3725 -0.503106
 -1.3725 -1.3179
 -1.37 -0.105873
 -1.37 -0.500954
 -1.37 -1.31335
 -1.3675 -0.108139
 -1.3675 -0.498803
 -1.3675 -1.30881
 -1.365 -0.110405
 -1.365 -0.496652
 -1.365 -1.30427
 -1.3625 -0.112671
 -1.3625 -0.494501
 -1.3625 -1.29972
 -1.36 -0.114937
 -1.36 -0.49235
 -1.36 -1.29518
 -1.3575 -0.117203
 -1.3575 -0.490199
 -1.3575 -1.29063
 -1.355 -0.119469
 -1.355 -0.488048
 -1.355 -1.28609
 -1.3525 -0.121735
 -1.3525 -0.485897
 -1.3525 -1.28154
 -1.35 -0.124001
 -1.35 -0.483746
 -1.35 -1.277
 -1.3475 -0.126267
 -1.3475 -0.481595
 -1.3475 -1.27245
 -1.345 -0.128533
 -1.345 -0.479444
 -1.345 -1.26791
 -1.3425 -0.130799
 -1.3425 -0.477292
 -1.3425 -1.26337
 -1.34 -0.133066
 -1.34 -0.475141
 -1.34 -1.25882
 -1.3375 -0.135332
 -1.3375 -0.47299
 -1.3375 -1.25428
 -1.335 -0.137598
 -1.335 -0.470839
 -1.335 -1.24973
 -1.3325 -0.139864
 -1.3325 -0.468688
 -1.3325 -1.24519
 -1.33 -0.14213
 -1.33 -0.466537
 -1.33 -1.24064
 -1.3275 -0.144396
 -1.3275 -0.464386
 -1.3275 -1.2361
 -1.325 -0.146662
 -1.325 -0.462235
 -1.325 -1.23156
 -1.3225 -0.148928
 -1.3225 -0.460084
 -1.3225 -1.22701
 -1.32 -0.151194
 -1.32 -0.457933
 -1.32 -1.22247
 -1.3175 -0.15346
 -1.3175 -0.455782
 -1.3175 -1.21792
 -1.315 -0.155726
 -1.315 -0.45363
 -1.315 -1.21338
 -1.3125 -0.157992
 -1.3125 -0.451479
 -1.3125 -1.20883
 -1.31 -0.160258
 -1.31 -0.449328
 -1.31 -1.20429
 -1.3075 -0.162524
 -1.3075 -0.447177
 -1.3075 -1.19974
 -1.305 -0.16479
 -1.305 -0.445026
 -1.305 -1.1952
 -1.3025 -0.167056
 -1.3025 -0.442875
 -1.3025 -1.19066
 -1.3 -0.169322
 -1.3 -0.440724
 -1.3 -1.18611
 -1.2975 -0.171588
 -1.2975 -0.438573
 -1.2975 -1.18157
 -1.295 -0.173854
 -1.295 -0.436422
 -1.295 -1.17702
 -1.2925 -0.17612
 -1.2925 -0.434271
 -1.2925 -1.17248
 -1.29 -0.178386
 -1.29 -0.43212
 -1.29 -1.16793
 -1.2875 -0.180652
 -1.2875 -0.429968
 -1.2875 -1.16339
 -1.285 -0.182918
 -1.285 -0.427817
 -1.285 -1.15885
 -1.2825 -0.185184
 -1.2825 -0.425666
 -1.2825 -1.1543
 -1.28 -0.18745
 -1.28 -0.423515
 -1.28 -1.14976
 -1.2775 -0.189716
 -1.2775 -0.421364
 -1.2775 -1.14521
 -1.275 -0.191982
 -1.275 -0.419213
 -1.275 -1.14067
 -1.2725 -0.194248
 -1.2725 -0.417062
 -1.2725 -1.13612
 -1.27 -0.196514
 -1.27 -0.414911
 -1.27 -1.13158
 -1.2675 -0.19878
 -1.2675 -0.41276
 -1.2675 -1.12703
 -1.265 -0.201046
 -1.265 -0.410609
 -1.265 -1.12249
 -1.2625 -0.203312
 -1.2625 -0.408458
 -1.2625 -1.11795
 -1.26 -0.205578
 -1.26 -0.406306
 -1.26 -1.1134
 -1.2575 -0.207844
 -1.2575 -0.404155
 -1.2575 -1.10886
 -1.255 -0.21011
 -1.255 -0.402004
 -1.255 -1.10431
 -1.2525 -0.212376
 -1.2525 -0.399853
 -1.2525 -1.09977
 -1.25 -0.214643
 -1.25 -0.397702
 -1.25 -1.09522
 -1.2475 -0.216909
 -1.2475 -0.395551
 -1.2475 -1.09068
 -1.245 -0.219175
 -1.245 -0.3934
 -1.245 -1.08614
 -1.2425 -0.221441
 -1.2425 -0.391249
 -1.2425 -1.08159
 -1.24 -0.223707
 -1.24 -0.389098
 -1.24 -1.07705
 -1.2375 -0.225973
 -1.2375 -0.386947
 -1.2375 -1.0725
 -1.235 -0.228239
 -1.235 -0.384796
 -1.235 -1.06796
 -1.2325 -0.230505
 -1.2325 -0.382644
 -1.2325 -1.06341
 -1.23 -0.232771
 -1.23 -0.380493
 -1.23 -1.05887
 -1.2275 -0.235037
 -1.2275 -0.378342
 -1.2275 -1.05432
 -1.225 -0.237303
 -1.225 -0.376191
 -1.225 -1.04978
 -1.2225 -0.239569
 -1.2225 -0.37404
 -1.2225 -1.04524
 -1.22 -0.241835
 -1.22 -0.371889
 -1.22 -1.04069
 -1.2175 -0.244101
 -1.2175 -0.369738
 -1.2175 -1.03615
 -1.215 -0.246367
 -1.215 -0.367587
 -1.215 -1.0316
 -1.2125 -0.248633
 -1.2125 -0.365436
 -1.2125 -1.02706
 -1.21 -0.250899
 -1.21 -0.363285
 -1.21 -1.02251
 -1.2075 -0.253165
 -1.2075 -0.361134
 -1.2075 -1.01797
 -1.205 -0.255431
 -1.205 -0.358982
 -1.205 -1.01343
 -1.2025 -0.257697
 -1.2025 -0.356831
 -1.2025 -1.00888
 -1.2 -0.259963
 -1.2 -0.35468
 -1.2 -1.00434
 -1.1975 -0.262229
 -1.1975 -0.352529
 -1.1975 -0.999793
 -1.195 -0.264495
 -1.195 -0.350378
 -1.195 -0.995248
 -1.1925 -0.266761
 -1.1925 -0.348227
 -1.1925 -0.990704
 -1.19 -0.269027
 -1.19 -0.346076
 -1.19 -0.986159
 -1.1875 -0.271293
 -1.1875 -0.343925
 -1.1875 -0.981615
 -1.185 -0.273559
 -1.185 -0.341774
 -1.185 -0.977071
 -1.1825 -0.275825
 -1.1825 -0.339623
 -1.1825 -0.972526
 -1.18 -0.278091
 -1.18 -0.337472
 -1.18 -0.967982
 -1.1775 -0.280357
 -1.1775 -0.33532
 -1.1775 -0.963438
 -1.175 -0.282623
 -1.175 -0.333169
 -1.175 -0.958893
 -1.1725 -0.284889
 -1.1725 -0.331018
 -1.1725 -0.954349
 -1.17 -0.287155
 -1.17 -0.328867
 -1.17 -0.949804
 -1.1675 -0.289421
 -1.1675 -0.326716
 -1.1675 -0.94526
 -1.165 -0.291687
 -1.165 -0.324565
 -1.165 -0.940716
 -1.1625 -0.293953
 -1.1625 -0.322414
 -1.1625 -0.936171
 -1.16 -0.29622
 -1.16 -0.320263
 -1.16 -0.931627
 -1.1575 -0.298486
 -1.1575 -0.318112
 -1.1575 -0.927083
 -1.155 -0.300752
 -1.155 -0.315961
 -1.155 -0.922538
 -1.1525 -0.303018
 -1.1525 -0.31381
 -1.1525 -0.917994
 -1.15 -0.305284
 -1.15 -0.311658
 -1.15 -0.913449
 -1.1475 -0.30755
 -1.1475 -0.309507
 -1.1475 -0.908905
 -1.145 -0.309816
 -1.145 -0.307356
 -1.145 -0.904361
 -1.1425 -0.312082
 -1.1425 -0.305205
 -1.1425 -0.899816
 -1.14 -0.314348
 -1.14 -0.303054
 -1.14 -0.895272
 -1.1375 -0.316614
 -1.1375 -0.300903
 -1.1375 -0.890728
 -1.135 -0.31888
 -1.135 -0.298752
 -1.135 -0.886183
 -1.1325 -0.321146
 -1.1325 -0.296601
 -1.1325 -0.881639
 -1.13 -0.323412
 -1.13 -0.29445
 -1.13 -0.877094
 -1.1275 -0.325678
 -1.1275 -0.292299
 -1.1275 -0.87255
 -1.125 -0.327944
 -1.125 -0.290148
 -1.125 -0.868006
 -1.1225 -0.33021
 -1.1225 -0.287996
 -1.1225 -0.863461
 -1.12 -0.332476
 -1.12 -0.285845
 -1.12 -0.858917
 -1.1175 -0.334742
 -1.1175 -0.283694
 -1.1175 -0.854373
 -1.115 -0.337008
 -1.115 -0.281543
 -1.115 -0.849828
 -1.1125 -0.339274
 -1.1125 -0.279392
 -1.1125 -0.845284
 -1.11 -0.34154
 -1.11 -0.277241
 -1.11 -0.840739
 -1.1075 -0.343806
 -1.1075 -0.27509
 -1.1075 -0.836195
 -1.105 -0.272939
 -1.105 -0.831651
 -1.1025 -0.270788
 -1.1025 -0.827106
 -1.1 -0.268637
 -1.1 -0.822562
 -1.0975 -0.266485
 -1.0975 -0.818018
 -1.095 -0.264334
 -1.095 -0.813473
 -1.0925 -0.262183
 -1.0925 -0.808929
 -1.09 -0.260032
 -1.09 -0.804384
 -1.0875 -0.257881
 -1.0875 -0.79984
 -1.085 -0.25573
 -1.085 -0.795296
 -1.0825 -0.253579
 -1.0825 -0.790751
 -1.08 -0.251428
 -1.08 -0.786207
 -1.0775 -0.249277
 -1.0775 -0.781663
 -1.075 -0.247126
 -1.075 -0.777118
 -1.0725 -0.244975
 -1.0725 -0.772574
 -1.07 -0.242823
 -1.07 -0.768029
 -1.0675 -0.240672
 -1.0675 -0.763485
 -1.065 -0.238521
 -1.065 -0.758941
 -1.0625 -0.23637
 -1.0625 -0.754396
 -1.06 -0.234219
 -1.06 -0.749852
 -1.0575 -0.232068
 -1.0575 -0.745308
 -1.055 -0.229917
 -1.055 -0.740763
 -1.0525 -0.227766
 -1.0525 -0.736219
 -1.05 -0.225615
 -1.05 -0.731675
 -1.0475 -0.223464
 -1.0475 -0.72713
 -1.045 -0.221313
 -1.045 -0.722586
 -1.0425 -0.219161
 -1.0425 -0.718041
 -1.04 -0.21701
 -1.04 -0.713497
 -1.0375 -0.214859
 -1.0375 -0.708953
 -1.035 -0.212708
 -1.035 -0.704408
 -1.0325 -0.210557
 -1.0325 -0.699864
 -1.03 -0.208406
 -1.03 -0.69532
 -1.0275 -0.206255
 -1.0275 -0.690775
 -1.025 -0.204104
 -1.025 -0.686231
 -1.0225 -0.201953
 -1.0225 -0.681686
 -1.02 -0.199802
 -1.02 -0.677142
 -1.0175 -0.197651
 -1.0175 -0.672598
 -1.015 -0.195499
 -1.015 -0.668053
 -1.0125 -0.193348
 -1.0125 -0.663509
 -1.01 -0.191197
 -1.01 -0.658965
 -1.0075 -0.189046
 -1.0075 -0.65442
 -1.005 -0.186895
 -1.005 -0.649876
 -1.0025 -0.184744
 -1.0025 -0.645331
 -1 -0.182593
 -1 -0.640787
 -0.9975 -0.180442
 -0.9975 -0.636243
 -0.995 -0.178291
 -0.995 -0.631698
 -0.9925 -0.17614
 -0.9925 -0.627154
 -0.99 -0.173989
 -0.99 -0.62261
 -0.9875 -0.171837
 -0.9875 -0.618065
 -0.985 -0.169686
 -0.985 -0.613521
 -0.9825 -0.167535
 -0.9825 -0.608976
 -0.98 -0.165384
 -0.98 -0.604432
 -0.9775 -0.163233
 -0.9775 -0.599888
 -0.975 -0.161082
 -0.975 -0.595343
 -0.9725 -0.158931
 -0.9725 -0.590799
 -0.97 -0.15678
 -0.97 -0.586255
 -0.9675 -0.154629
 -0.9675 -0.58171
 -0.965 -0.152478
 -0.965 -0.577166
 -0.9625 -0.150327
 -0.9625 -0.572621
 -0.96 -0.148175
 -0.96 -0.568077
 -0.9575 -0.146024
 -0.9575 -0.563533
 -0.955 -0.143873
 -0.955 -0.558988
 -0.9525 -0.141722
 -0.9525 -0.554444
 -0.95 -0.139571
 -0.95 -0.5499
 -0.9475 -0.13742
 -0.9475 -0.545355
 -0.945 -0.135269
 -0.945 -0.540811
 -0.9425 -0.133118
 -0.9425 -0.536266
 -0.94 -0.130967
 -0.94 -0.531722
 -0.9375 -0.128816
 -0.9375 -0.527178
 -0.935 -0.126665
 -0.935 -0.522633
 -0.9325 -0.124513
 -0.9325 -0.518089
 -0.93 -0.122362
 -0.93 -0.513545
 -0.9275 -0.120211
 -0.9275 -0.509
 -0.925 -0.11806
 -0.925 -0.504456
 -0.9225 -0.115909
 -0.9225 -0.499911
 -0.92 -0.113758
 -0.92 -0.495367
 -0.9175 -0.111607
 -0.9175 -0.490823
 -0.915 -0.109456
 -0.915 -0.486278
 -0.9125 -0.107305
 -0.9125 -0.481734
 -0.91 -0.105154
 -0.91 -0.47719
 -0.9075 -0.103003
 -0.9075 -0.472645
 -0.905 -0.100851
 -0.905 -0.468101
 -0.9025 -0.0987003
 -0.9025 -0.463557
 -0.9 -0.0965492
 -0.9 -0.459012
 -0.8975 -0.0943982
 -0.8975 -0.454468
 -0.895 -0.0922471
 -0.895 -0.449923
 -0.8925 -0.090096
 -0.8925 -0.445379
 -0.89 -0.0879449
 -0.89 -0.440835
 -0.8875 -0.0857938
 -0.8875 -0.43629
 -0.885 -0.0836427
 -0.885 -0.431746
 -0.8825 -0.0814916
 -0.8825 -0.427202
 -0.88 -0.0793405
 -0.88 -0.422657
 -0.8775 -0.0771894
 -0.8775 -0.418113
 -0.875 -0.0750383
 -0.875 -0.413568
 -0.8725 -0.0728872
 -0.8725 -0.409024
 -0.87 -0.0707361
 -0.87 -0.40448
 -0.8675 -0.0685851
 -0.8675 -0.399935
 -0.865 -0.066434
 -0.865 -0.395391
 -0.8625 -0.0642829
 -0.8625 -0.390847
 -0.86 -0.0621318
 -0.86 -0.386302
 -0.8575 -0.0599807
 -0.8575 -0.381758
 -0.855 -0.0578296
 -0.855 -0.377213
 -0.8525 -0.0556785
 -0.8525 -0.372669
 -0.85 -0.0535274
 -0.85 -0.368125
 -0.8475 -0.0513763
 -0.8475 -0.36358
 -0.845 -0.0492252
 -0.845 -0.359036
 -0.8425 -0.0470741
 -0.8425 -0.354492
 -0.84 -0.044923
 -0.84 -0.349947
 -0.8375 -0.042772
 -0.8375 -0.345403
 -0.835 -0.0406209
 -0.835 -0.340858
 -0.8325 -0.0384698
 -0.8325 -0.336314
 -0.83 -0.0363187
 -0.83 -0.33177
 -0.8275 -0.0341676
 -0.8275 -0.327225
 -0.825 -0.0320165
 -0.825 -0.322681
 -0.8225 -0.0298654
 -0.8225 -0.318137
 -0.82 -0.0277143
 -0.82 -0.313592
 -0.8175 -0.0255632
 -0.8175 -0.309048
 -0.815 -0.0234121
 -0.815 -0.304503
 -0.8125 -0.021261
 -0.8125 -0.299959
 -0.81 -0.0191099
 -0.81 -0.295415
 -0.8075 -0.0169589
 -0.8075 -0.29087
 -0.805 -0.0148078
 -0.805 -0.286326
 -0.8025 -0.0126567
 -0.8025 -0.281782
 -0.8 -0.0105056
 -0.8 -0.277237
 -0.7975 -0.00835449
 -0.7975 -0.272693
 -0.795 -0.0062034
 -0.795 -0.268148
 -0.7925 -0.0040523
 -0.7925 -0.263604
 -0.79 -0.00190121
 -0.79 -0.25906
 -0.7875 0.000249879
 -0.7875 -0.254515
 -0.785 0.00240097
 -0.785 -0.249971
 -0.7825 0.00455206
 -0.7825 -0.245427
 -0.78 0.00670315
 -0.78 -0.240882
 -0.7775 0.00885425
 -0.7775 -0.236338
 -0.775 0.0110053
 -0.775 -0.231793
 -0.7725 0.0131564
 -0.7725 -0.227249
 -0.77 0.0153075
 -0.77 -0.222705
 -0.7675 0.0174586
 -0.7675 -0.21816
 -0.765 0.0196097
 -0.765 -0.213616
 -0.7625 0.0217608
 -0.7625 -0.209072
 -0.76 0.0239119
 -0.76 -0.204527
 -0.7575 0.026063
 -0.7575 -0.199983
 -0.755 0.0282141
 -0.755 -0.195439
 -0.7525 0.0303652
 -0.7525 -0.190894
 -0.75 0.0325163
 -0.75 -0.18635
 -0.7475 0.0346673
 -0.7475 -0.181805
 -0.745 0.0368184
 -0.745 -0.177261
 -0.7425 0.0389695
 -0.7425 -0.172717
 -0.74 0.0411206
 -0.74 -0.168172
 -0.7375 0.0432717
 -0.7375 -0.163628
 -0.735 0.0454228
 -0.735 -0.159084
 -0.7325 0.0475739
 -0.7325 -0.154539
 -0.73 0.049725
 -0.73 -0.149995
 -0.7275 0.0518761
 -0.7275 -0.14545
 -0.725 0.0540272
 -0.725 -0.140906
 -0.7225 0.0561783
 -0.7225 -0.136362
 -0.72 0.0583294
 -0.72 -0.131817
 -0.7175 0.0604804
 -0.7175 -0.127273
 -0.715 0.0626315
 -0.715 -0.122729
 -0.7125 0.0647826
 -0.7125 -0.118184
 -0.71 0.0669337
 -0.71 -0.11364
 -0.7075 0.0690848
 -0.7075 -0.109095
 -0.705 0.0712359
 -0.705 -0.104551
 -0.7025 0.073387
 -0.7025 -0.100007
 -0.7 0.0755381
 -0.7 -0.0954623
 -0.6975 0.0776892
 -0.6975 -0.0909179
 -0.695 0.0798403
 -0.695 -0.0863736
 -0.6925 0.0819914
 -0.6925 -0.0818292
 -0.69 0.0841425
 -0.69 -0.0772848
 -0.6875 0.0862935
 -0.6875 -0.0727404
 -0.685 0.0884446
 -0.685 -0.0681961
 -0.6825 0.0905957
 -0.6825 -0.0636517
 -0.68 0.0927468
 -0.68 -0.0591073
 -0.6775 0.0948979
 -0.6775 -0.054563
 -0.675 0.097049
 -0.675 -0.0500186
 -0.6725 0.0992001
 -0.6725 -0.0454742
 -0.67 0.101351
 -0.67 -0.0409298
 -0.6675 0.103502
 -0.6675 -0.0363855
 -0.665 0.105653
 -0.665 -0.0318411
 -0.6625 0.107804
 -0.6625 -0.0272967
 -0.66 0.109956
 -0.66 -0.0227523
 -0.6575 0.112107
 -0.6575 -0.018208
 -0.655 0.114258
 -0.655 -0.0136636
 -0.6525 0.116409
 -0.6525 -0.00911923
 -0.65 0.11856
 -0.65 -0.00457486
 -0.6475 0.120711
 -0.6475 -3.0484e-05
 -0.645 0.122862
 -0.645 0.00451389
 -0.6425 0.125013
 -0.6425 0.00905826
 -0.64 0.127164
 -0.64 0.0136026
 -0.6375 0.129315
 -0.6375 0.018147
 -0.635 0.131466
 -0.635 0.0226914
 -0.6325 0.133618
 -0.6325 0.0272358
 -0.63 0.135769
 -0.63 0.0317801
 -0.6275 0.13792
 -0.6275 0.0363245
 -0.625 0.140071
 -0.625 0.0408689
 -0.6225 0.0454132
 -0.62 0.0499576
 -0.6175 0.054502
 -0.615 0.0590464
 -0.6125 0.0635907
 -0.61 0.0681351
 -0.6075 0.0726795
 -0.605 0.0772239
 -0.6025 0.0817682
 -0.6 0.0863126
 -0.5975 0.090857
 -0.595 0.0954013
 -0.5925 0.0999457
 -0.59 0.10449
 -0.5875 0.109034
 -0.585 0.113579
 -0.5825 0.118123
 -0.58 0.122668
 -0.5775 0.127212
